ISS (ZARYA)             
1 25544U 98067A   24341.69696076  .00018424  00000+0  32646-3 0  9995
2 25544  51.6390 180.7176 0006866 308.8096 169.1705 15.50293270485309
CSS (TIANHE)            
1 48274U 21035A   24340.85057284  .00020852  00000+0  25743-3 0  9998
2 48274  41.4660 116.7379 0000793 146.4363 213.6525 15.59655334205948
ISS (NAUKA)             
1 49044U 21066A   24341.69696076  .00018424  00000+0  32646-3 0  9991
2 49044  51.6390 180.7176 0006866 308.8096 169.1705 15.50293270189536
FREGAT DEB              
1 49271U 11037PF  24341.32938131  .00021888  00000+0  47631-1 0  9997
2 49271  51.6371 210.8225 0935754 129.9945 238.6930 12.23926539156229
CSS (WENTIAN)           
1 53239U 22085A   24340.85057284  .00020852  00000+0  25743-3 0  9991
2 53239  41.4660 116.7379 0000793 146.4363 213.6525 15.59655334134306
CSS (MENGTIAN)          
1 54216U 22143A   24340.85057284  .00020852  00000+0  25743-3 0  9992
2 54216  41.4660 116.7379 0000793 146.4363 213.6525 15.59655334119798
1998-067WL              
1 59561U 98067WL  24341.63757330  .01079840  75999-3  89745-3 0  9991
2 59561  51.6082 151.7387 0006780 267.9389  92.0850 16.13308025 36414
SZ-17 MODULE            
1 59624U 23164C   24341.64084483  .00527818  14924-3  50840-3 0  9997
2 59624  41.4648  84.8394 0011336  30.5920 329.5596 16.10650973 34806
CYGNUS NG-21            
1 60378U 24139A   24341.69696076  .00018424  00000+0  32646-3 0  9998
2 60378  51.6390 180.7176 0006866 308.8096 169.1705 15.50293270 17449
PROGRESS-MS 28          
1 60450U 24145A   24341.69696076  .00018424  00000+0  32646-3 0  9996
2 60450  51.6390 180.7176 0006866 308.8096 169.1705 15.50293270 16977
COSMOGIRLSAT            
1 60953U 98067WT  24341.52087221  .02331960  76704-2  17048-2 0  9996
2 60953  51.6087 167.6327 0010728 269.8409  90.1378 16.16742977 15565
1998-067WY              
1 60958U 98067WY  24341.53417499  .00829323  32669-3  16828-2 0  9997
2 60958  51.6197 169.2880 0011109 258.5041 101.4721 15.98840835 15531
SOYUZ-MS 26             
1 61043U 24162A   24341.69696076  .00018424  00000+0  32646-3 0  9994
2 61043  51.6390 180.7176 0006866 308.8096 169.1705 15.50293270483783
CREW DRAGON 9           
1 61447U 24178A   24341.69696076  .00018424  00000+0  32646-3 0  9999
2 61447  51.6390 180.7176 0006866 308.8096 169.1705 15.50293270  9189
CYSAT-1                 
1 61501U 98067WZ  24341.55070072  .00281378  00000+0  19228-2 0  9995
2 61501  51.6296 176.9751 0012997 247.5170 112.4453 15.73306568  9276
SHENZHOU-19 (SZ-19)     
1 61683U 24194A   24340.85057284  .00020852  00000+0  25743-3 0  9996
2 61683  41.4660 116.7379 0000793 146.4363 213.6525 15.59655334205598
2024-194B               
1 61684U 24194B   24327.96353995  .00465987  65563-5  48903-3 0  9998
2 61684  41.3237 193.5705 0257846 294.4302  62.9836 15.68300172  3788
DRAGON CRS-31           
1 61791U 24200A   24341.69696076  .00018424  00000+0  32646-3 0  9997
2 61791  51.6390 180.7176 0006866 308.8096 169.1705 15.50293270  4265
TIANZHOU-8              
1 61983U 24211A   24340.85057284  .00020852  00000+0  25743-3 0  9999
2 61983  41.4660 116.7379 0000793 146.4363 213.6525 15.59655334205940
PROGRESS-MS 29          
1 62030U 24215A   24341.69696076  .00018424  00000+0  32646-3 0  9990
2 62030  51.6390 180.7176 0006866 308.8096 169.1705 15.50293270483780
2024-013E               
1 62056U 24013E   24341.54952728  .00111725  00000+0  10321-2 0  9990
2 62056  41.4676 111.5093 0008401  47.4034 312.7514 15.66390439  3860
